nombre,pasos,value,nombre,dif
pasos:,911,722094,dif:,1705
pasos:,912,723570,dif:,1476
pasos:,913,725146,dif:,1576
pasos:,914,726730,dif:,1584
pasos:,915,728337,dif:,1607
pasos:,916,729904,dif:,1567
pasos:,917,731466,dif:,1562
pasos:,918,733016,dif:,1550
pasos:,919,734659,dif:,1643
pasos:,920,736233,dif:,1574
pasos:,921,737717,dif:,1484
pasos:,922,739358,dif:,1641
pasos:,923,741001,dif:,1643
pasos:,924,742576,dif:,1575
pasos:,925,744130,dif:,1554
pasos:,926,745638,dif:,1508
pasos:,927,747301,dif:,1663
pasos:,928,748893,dif:,1592
pasos:,929,750452,dif:,1559
pasos:,930,752100,dif:,1648
pasos:,931,753735,dif:,1635
pasos:,932,755392,dif:,1657
pasos:,933,756932,dif:,1540
pasos:,934,758556,dif:,1624
pasos:,935,760071,dif:,1515
pasos:,936,761752,dif:,1681
pasos:,937,763400,dif:,1648
pasos:,938,765017,dif:,1617
pasos:,939,766733,dif:,1716
pasos:,940,768223,dif:,1490
pasos:,941,769940,dif:,1717
pasos:,942,771499,dif:,1559
pasos:,943,773245,dif:,1746
pasos:,944,774733,dif:,1488
pasos:,945,776457,dif:,1724
pasos:,946,777871,dif:,1414
pasos:,947,779690,dif:,1819
pasos:,948,781027,dif:,1337
pasos:,949,782986,dif:,1959
pasos:,950,784243,dif:,1257
pasos:,951,786334,dif:,2091
pasos:,952,787587,dif:,1253
pasos:,953,789601,dif:,2014
pasos:,954,790935,dif:,1334
pasos:,955,792913,dif:,1978
pasos:,956,794277,dif:,1364
pasos:,957,796179,dif:,1902
pasos:,958,797545,dif:,1366
pasos:,959,799442,dif:,1897
pasos:,960,800796,dif:,1354
pasos:,961,802742,dif:,1946
pasos:,962,804191,dif:,1449
pasos:,963,806151,dif:,1960
pasos:,964,807428,dif:,1277
pasos:,965,809451,dif:,2023
pasos:,966,810776,dif:,1325
pasos:,967,812786,dif:,2010
pasos:,968,814173,dif:,1387
pasos:,969,816215,dif:,2042
pasos:,970,817600,dif:,1385
pasos:,971,819621,dif:,2021
pasos:,972,820819,dif:,1198
pasos:,973,822833,dif:,2014
pasos:,974,824046,dif:,1213
pasos:,975,826129,dif:,2083
pasos:,976,827462,dif:,1333
pasos:,977,829539,dif:,2077
pasos:,978,830767,dif:,1228
pasos:,979,833214,dif:,2447
pasos:,980,834745,dif:,1531
pasos:,981,837252,dif:,2507
pasos:,982,838751,dif:,1499
pasos:,983,841198,dif:,2447
pasos:,984,842687,dif:,1489
pasos:,985,845138,dif:,2451
pasos:,986,846335,dif:,1197
pasos:,987,848445,dif:,2110
pasos:,988,849629,dif:,1184
pasos:,989,851859,dif:,2230
pasos:,990,853004,dif:,1145
pasos:,991,855164,dif:,2160
pasos:,992,856343,dif:,1179
pasos:,993,858436,dif:,2093
pasos:,994,859749,dif:,1313
pasos:,995,861931,dif:,2182
pasos:,996,863374,dif:,1443
pasos:,997,865469,dif:,2095
pasos:,998,866793,dif:,1324
pasos:,999,868959,dif:,2166
pasos:,1000,870357,dif:,1398
pasos:,1001,872313,dif:,1956
pasos:,1002,873842,dif:,1529
pasos:,1003,875867,dif:,2025
pasos:,1004,877303,dif:,1436
pasos:,1005,879254,dif:,1951
pasos:,1006,880762,dif:,1508
pasos:,1007,882747,dif:,1985
pasos:,1008,884161,dif:,1414
pasos:,1009,886230,dif:,2069
pasos:,1010,887647,dif:,1417
pasos:,1011,889742,dif:,2095
pasos:,1012,891065,dif:,1323
pasos:,1013,893266,dif:,2201
pasos:,1014,894651,dif:,1385
pasos:,1015,896729,dif:,2078
pasos:,1016,898107,dif:,1378
pasos:,1017,900067,dif:,1960
pasos:,1018,901586,dif:,1519
pasos:,1019,903486,dif:,1900
pasos:,1020,905021,dif:,1535
pasos:,1021,906919,dif:,1898
pasos:,1022,908523,dif:,1604
pasos:,1023,910506,dif:,1983
pasos:,1024,912154,dif:,1648
pasos:,1025,914049,dif:,1895
pasos:,1026,915721,dif:,1672
pasos:,1027,917615,dif:,1894
pasos:,1028,919485,dif:,1870
pasos:,1029,921242,dif:,1757
pasos:,1030,922965,dif:,1723
pasos:,1031,924742,dif:,1777
pasos:,1032,926459,dif:,1717
pasos:,1033,928289,dif:,1830
pasos:,1034,930140,dif:,1851
pasos:,1035,931864,dif:,1724
pasos:,1036,933654,dif:,1790
pasos:,1037,935437,dif:,1783
pasos:,1038,937203,dif:,1766
pasos:,1039,938963,dif:,1760
pasos:,1040,940694,dif:,1731
pasos:,1041,942481,dif:,1787